3.77793652684008
5.55813817273055
4.74530307899245
5.03333057080028
5.44627990259828
1.91976268377009
3.62844998685076
1.00050390667331
4.74595315431452
0.872617408149609
5.41541425956475
0.333318951585237
1.30294877653328
3.38734523381421
4.21025572242476
4.42265722804162
-0.0334954099325533
1.20372745907883
4.40880602464539
4.65682232219881
5.47023942505324
0.927486350324699
4.06074102673631
4.91079212587265
0.377468434104771
1.80460222061835
0.273192638902551
5.44753795979347
0.378563613638720
5.33232534344596
0.753283436628515
5.04491241418055
0.870444372098476
5.39332489400266
1.21946469244816
6.11410384857240
5.08883603221722
1.49865197553467
1.10205904325647
6.14947148280649
6.27264264521235
0.0942254231207660
4.65962254062438
0.665581509451612
0.714289492855340
4.72243412888223
5.42950339707555
0.698988509082517
4.46856241139278
3.82947721647521
2.38203762784070
5.19214664541005
5.30789951278361
3.38201879431996
5.13944706802412
0.392292051378872
1.07282469075195
1.43269086976885
4.31976119171058
4.72267246836411
2.33866600612218
5.72854621608249
5.12726725135851
1.18837198410180
0.852492536346054
4.86333830511701
4.59407898282451
1.44405192733737
-0.332597137211207
1.24554217722461
0.582275182947512
4.74319231865111
5.02103021542372
-0.697395571105623
0.385218266165779
5.21503879952814
0.704915657677752
4.50353893560782
0.898971596560051
0.376721826885697
1.67540067718289
4.29587440975284
1.16053156032425
-0.268092644043221
-0.356639106798910
1.83559200883427
1.63636655448452
5.03099222546392
5.11528739310076
0.201912447709792
5.02416556278037
0.00182463669335853
0.744554377566195
0.873925750450844
4.56459783473404
1.06397401500336
3.82621092822370
2.50076136598577
4.87857284142745
2.42983701866291
5.61217895787624
6.28038566625533
0.271075797830446
1.77070571306435
1.90383855186600
5.36535979182287
5.23763968628372
1.87262467970198
1.63045733404395
1.45461016571985
0.658498226398758
5.32725748821257
5.07638865221599
0.350573256941921
4.42549789720262
1.28074432020610
4.56897508118967
1.63578576402085
4.18833819784035
4.89695476717345
1.66021616731908
5.13012450897418
5.59436062785218
-0.491649435668408
0.551245930624924
4.71106996972599
1.46528374386932
4.32214032189017
5.23109363458840
3.98432993296948
0.995272055138442
0.637059933182784
4.26250789688091
0.767508745615631
3.86492178398930
0.108562923991837
2.07106729997026
0.750224960668872
5.04173995438820
5.23128720644468
4.28680608785141
-0.0934049287922929
4.83483048692321
1.15473977157671
5.45814443682413
5.16451733211963
0.0281309669564532
4.80335556557735
1.21210485061742
0.799289403713752
5.04466611308801
4.87937003648750
4.09291433011750
1.87734128167310
5.35843078285781
-0.372523659141313
5.54871660382813
0.882726443092541
5.17891191684395
5.24853299290981
5.27944614776135
1.24227496312306
0.216233312349266
0.994126089090348
5.24212499838316
4.67862712660513
5.28312276450999
1.54659302309701
5.35020586868381
5.97360526512291
3.80445516670406
-0.149365100987181
1.51249841141476
3.91677104931658
2.35871480732008
1.03596323517980
5.46358643302260
5.80101171467334
-0.804928443169257
5.22358273969520
4.15326167362027
0.625407995990877
4.59529547028593
5.71678495310447
2.67348693621308
0.253357689182589
2.02766395481987
0.644107439400909
5.87130914422481
5.50042204059274
0.197015497779252
1.05487589152524
3.95915412355612
0.669021051349687
5.32002269065223
3.62599339338762
5.15995005822718
1.79442363060843
4.91496938090495
0.673683241244122
5.53638217954949
-0.424532753067846
0.581590632887434
-0.192591438339971
2.56153593810321
1.68270821558913
1.55670985861378
4.90957736482508
4.26759444910527
4.78735063672713
4.91327653817806
2.05841902439893
1.05192452505768
3.94158749712404
5.21771696967154
4.37624363489928
0.626150987069996
5.78815728254508
5.34386925084157
4.64678728208630
4.21168721351409
3.81059025988683
5.63241207071539
-1.10275864085104
2.36071676643630
0.588998329048135
1.43927931854122
0.952497328682944
1.45391252508750
5.93116690816899
0.778382696439047
5.18863202718418
0.320737097735873
1.68460980509480
2.42829703363999
-0.258606101421944
4.58288032903988
2.69615262610674
2.88782050662789
1.74545159387226
5.33678881339593
5.03803327024113
5.19330300752315
6.22033784099413
4.85635104840172
5.08294870992423
1.97709528261889
4.16950749608607
4.48934917961838
5.72670174136115
4.61147616277604
0.102996401851710
3.69529735758796
1.73734228856600
1.39388288943564
5.39787133369012
2.30866875995605
5.40758074920750
2.10759015980912
5.36639205381515
5.58497203611349
0.980310130806380
1.58613415068641
1.72484524567988
0.134134906699817
1.79010447941550
0.853307495053250
4.52722477137777
5.25304179644159
1.06841745571510
1.93223575593390
4.82142239658902
1.49498001749438
2.27833068733741
5.30958476807449
4.38095007791200
0.380000318382892
5.18872711938584
0.470068651770970
0.649851013541968
4.85352011848297
6.37327410268052
4.91664549714843
5.29785058664803
5.32515739216827
0.808817255464538
4.64521274370718
1.16379432709616
5.83729368579971
5.28834841272348
0.293056457087799
5.72687608398480
4.52097811313421
4.42805154701271
3.29632816478068
5.38359674628634
1.42761636231259
2.61181315091779
5.48424139348236
0.348777691027706
0.0466463241113924
5.43604336688715
-0.0385622697145198
1.55351352254589
1.48675084112802
5.69370630486105
5.05152341680542
0.170178096715570
-0.961187404143926
4.92341351982042
-0.361722577778232
1.01970341366088
1.73906525445031
2.74005783256566
1.68915969141067
1.74760718476733
0.817216391788181
0.288963960243220
-0.950456583794786
1.37763171793906
4.25855634636262
-0.321366885334009
5.06534999191988
-1.63520268581646
2.20304079199644
5.39928969127347
0.919945189175837
5.88667376547137
4.48545562872014
5.34091668521804
1.40283864363868
5.52566116597210
5.77563616474316
4.90635595263366
4.23576225444256
4.70403097675531
-0.149366673879364
4.44082641489874
4.98755898601575
3.83987598023270
0.785602071824301
4.53358076224118
1.12750905766602
3.23867612014477
4.58195758418723
1.66232400452152
5.54359682496262
0.287651172403572
5.69236203617869
5.37061374265126
0.703435439692585
4.53518799214175
-0.119928540156474
2.08716554046020
0.605961600776253
4.58811915160589
2.33562347227196
0.707003369339041
3.78855167796306
0.892194189324284
5.93580092077333
3.69590089095800
5.58639241684663
4.19137745525661
5.03746568344197
-0.0883319176502637
0.189873501237460
2.10697898492704
2.02358967180104
0.924849229352125
4.83627593458014
2.16986043845150
5.55691269843645
5.98865576051874
4.81952891300919
5.94035059811586
1.26401048416295
-0.363975751685156
0.0723672968189837
3.98833079189175
4.04750147906484
5.45989481468297
5.38503286917763
0.222093776239458
0.636009855927283
5.10747576012343
3.83701995387679
1.20260128067030
5.54655820486104
5.86330079982148
1.18329946958119
0.347947082009449
5.10799722929581
4.87922735987909
4.26365334256800
4.84970497051151
5.73293543052097
1.31349415575025
5.06169197123430
-0.0321609300753887
4.99258613074581
5.39888209476518
4.45782616068441
1.31499294388244
4.72488371722620
-0.874110018908409
4.11924309355277
3.87543686388103
0.843476265709223
1.91034837827752
4.74839319656966
5.61880458238731
1.14454185488350
2.39193526077534
0.743110427292357
4.70608423297518
5.62927511229417
4.40549847717389
4.92357144923853
1.19367791357347
4.47536527722018
0.550555788355665
5.31964656424055
5.40175854371615
0.730079567285371
1.69003114017752
4.61689847908520
4.39396759017165
1.38693390735126
-0.527889913106554
2.95557953771455
3.95672852005638
5.61290808791618
0.909131451372466
1.50991230724530
0.506549154976379
-0.0155738306253999
6.42455701497250
5.29066334963864
5.02667871771311
1.21732511560737
1.70329777278446
5.37843072119653
1.99310181060528
3.47917415139265
3.82748869130784
2.11064276702694
1.48151720489598
1.56974786621277
1.81893706909994
1.60857918116599
5.74740634221320
0.726597888145513
5.12936220195825
-0.743946133026969
4.40631278782468
1.01868921452474
5.00275803308781
-0.483347523818477
0.817557087251580
0.490726514625311
5.04586649273558
0.827617842336518
2.59651276997665
2.19542327946910
2.97100881905290
0.585047928580043
-0.796196011859081
5.07161760027405
5.67485760003404
5.08813977921280
5.08353399980176
6.02251140775523
3.39433989487878
2.29667281006449
1.47798840620028
5.27857263464924
3.98496974038735
5.15906604020914
1.18149264613702
6.10576198485776
3.79974453091761
5.07847754360170
4.45308391706675
-0.275291939277679
1.07814178835831
0.123069702364785
0.808630963105655
5.58832786752428
5.22354919061961
0.250872912782651
0.468815370261889
4.14781962096583
2.63690129080054
2.98495146123653
0.463642644079776
5.43293415522738
0.473191179529280
1.69813011701759
5.56585906430291
4.32840204780614
1.80216250024923
4.58520849647216
-0.580007324866141
0.220167882148091
-0.143476776009704
1.46297701235111
2.28561189760675
0.624192032455508
1.60781062005801
0.258402426788548
5.99007396218554
4.75258545716031
0.551262032122966
5.63159510134592
6.05861257503212
5.66282219857827
5.99280557580663
2.27823832512064
4.68281524839557
5.63091898553693
1.19943753695755
6.07466544926537
1.55656573894991
5.81969063700782
1.88042740154963
-0.0638588116509593
6.28304500528429
3.79692638499257
1.84267948980174
0.243573605109916
5.56689074144851
1.98144028295913
5.13341095743480
5.16967402739953
5.82282524440937
5.00799667885094
1.89289774842308
2.34787004019945
1.43822221645372
1.76773584766703
5.44071268744967
0.566607636655776
4.37671186451287
5.12607606347226
-0.476172724494224
0.489976918696442
1.68941698366304
5.40552385820269
0.542342891294137
5.02902299681531
1.12327240712211
4.68123040696664
2.07384280452147
5.70351886786396
2.57295465626088
6.12003729528164
0.922885352085709
5.33005868261004
4.16173979824251
5.01900737398267
0.168079171132435
0.290886126619309
4.92882310721399
3.20799037786957
2.88398300433098
-0.848087354936423
1.20807979163095
4.79771585360413
5.44674677293009
0.676644378532972
5.49943948223643
3.57242487930958
4.80718333735193
0.910303035217110
5.57932715587727
4.55237604995274
5.48381732866055
-0.777702201344486
4.26733880641579
5.67064835767910
5.99640427191779
5.57535155834261
4.87399281175692
4.96802422698440
-0.466204955521409
4.54774447751147
4.69007220600315
5.44059856591952
2.58354119401415
-0.754747155607773
5.05816688519569
5.10653332741674
5.61246827171869
5.41152282637858
2.51599232804276
5.16244121370901
5.69737957409699
5.04666877954946
4.08839025997715
0.686895158779230
4.93520048955870
0.757119206666648
0.632206563455252
0.0768693789304332
6.32575404499386
4.83784088125294
1.70184142085769
4.16796170932831
0.659584918345829
5.13637565713819
1.38206081760876
4.68434083657185
5.59652178393614
5.85048241565300
4.93779915772171
5.69961679761796
4.76164257666171
1.96084533656147
4.64225356869186
1.34072576075401
0.968819409965147
3.97696566446800
4.67826318746469
2.30057945398397
5.99960131789022
5.19802932450271
-0.176798937616866
0.0236108606062651
0.816341703547201
4.53842021285334
4.57172838256415
4.66364522195430
5.61620911857617
5.00943536124734
5.13272636959420
5.11710120874436
4.92091722221369
3.83879706340125
5.96501157351113
-0.846481382098371
1.59270283613754
0.417434952722598
3.87876553848504
0.658860017898316
0.427255813527340
2.98739369837669
0.391816676303480
0.983895095372964
0.500817158917103
3.13997932559647
4.68353938474879
5.51243295268890
4.97757637840019
1.16262184291679
4.81380981730122
4.89057323376871
1.04628793298335
1.73815314075475
-0.190017478601328
0.653346063231479
5.27545906906650
-0.816176051765079
5.28075522588861
1.26423302457320
5.55278395316725
4.46499492152325
1.93768856188872
4.33050394899060
5.58361198241972
1.40846629896753
0.162798021552964
4.77940157651474
1.51347588159885
0.469709713413378
4.50413892369015
4.18705994133601
4.26709042932376
4.73127677350982
5.40194117194290
0.839218558142252
4.22425869877975
1.48631907723377
6.07823776048181
-0.629413281498045
6.05300296138161
0.109349258675148
0.553686729387835
5.88096128716372
1.26534076527762
0.774345613729166
0.841890737789738
0.517046167110726
5.07392282915186
4.69877956791315
5.74312260974192
2.83046662731712
1.32041715969393
0.0297092122123144
1.41824763830186
5.01553898570307
-1.13553751853582
1.91039544199510
5.19944788612462
5.75388147478060
3.74396833048208
5.81934068191431
-1.15887783145963
4.63891668661845
1.59735424771681
3.78328921504068
-0.678533315529050
4.80962656668724
0.781581531340769
4.34840805257941
-0.313179335171943
1.22760809525256
4.38127440885090
0.327303736071969
4.32217113580198
5.43522776405698
0.555231409439343
4.47314460941648
4.59556013713826
2.72717521896730
5.10217242498221
-0.0110060766674256
4.03013886719682
5.62811019362759
1.84892439543124
0.233256263801913
3.12897973472982
0.599421139620097
4.72520568985908
4.57428204291556
5.50242603412863
5.28769692329958
2.27004353464795
5.42074183529428
4.64315831558581
6.31198680935481
1.47821542184481
1.44276969846016
2.15423237177643
4.66413282456823
5.00244740761034
4.50859339497888
5.90170294345306
0.411892370199056
0.833372249389661
4.32457875904625
1.39633717195620
3.98818819472321
4.77922600655625
1.22551265896988
6.45467492756616
4.81118084955900
1.91701361620418
-0.759645670798913
4.46848639676847
5.00758634787298
0.0924309422601719
5.15950115310303
4.79238941334450
-0.261289492115083
5.34124228133720
3.90994110619161
-0.546728424798686
1.58806181026922
0.557311011585963
3.98694223274491
-0.0563029909796886
0.800128098414148
2.48567753913342
5.05712729633558
6.02031165548490
-0.738597289106936
-0.223296307936955
5.16837346125967
5.08677689824537
1.31239720721944
5.59774101823775
4.75852581882416
4.57034182217900
-0.730153787029917
5.19134363547403
2.50378188106329
5.51316603892158
-0.314874291798154
5.74966803562050
0.944918735443061
4.21219718140709
4.83048642738060
3.66936593689935
4.86324994046270
0.275142129861214
0.830082503480938
4.46121681380612
5.30214160938360
1.41195564343509
2.22336420743475
2.21527380427396
5.32008939031120
5.68935072639646
5.94535581504997
6.04597902904256
3.58808882229094
0.573752769662158
0.820465490275889
5.02563533838237
4.09443043055031
5.51968492266635
1.24436710964995
2.65948102900825
4.57090088612262
1.89947897116140
-0.638904309985842
0.266484199608535
-0.125304788526914
0.0596487543261274
1.71638915961051
4.54696903991929
0.530538753076462
2.60001368539693
4.59480699458221
4.35264637523261
4.73974662488046
1.52585570809435
5.76926575016450
1.32118849461532
3.09526294257975
0.609871958891289
5.53690355658219
1.36881429508468
1.61224995399141
5.07422883575636
4.81644926222041
2.79992059767320
0.356811354418635
1.18674918730697
-0.417838165677550
4.55639276939252
2.03356309046049
5.24886604109831
5.29110317124680
5.21328612895468
4.24400271130019
4.93208441026609
2.89824867581543
4.48722589408284
5.85009914102758
5.98482518084415
5.62673801368880
1.30799297609523
4.90434167663294
-1.18835509987292
5.45293139975445
2.88150395486073
4.37526478335600
-0.280046233280934
5.99104961396290
-0.269364163512394
0.138493678819235
0.730949148064758
5.54633641777118
-0.388501306885859
4.72717205207247
4.04898166468690
0.0681294227239211
5.44679508824206
1.88456082142738
1.68472240451548
4.94981249854866
0.153400105540131
5.42767668129865
0.0799097767114949
4.50751543765622
5.17322480020851
4.51807922627422
4.05390218502373
2.68193725741593
4.51495926405923
1.72498750001717
-0.101213829848748
0.719987538613401
0.887167603952762
1.63774310710391
1.97697215607047
4.65604617385021
5.53636598302234
4.24262965048209
2.00293147865658
5.44300168834403
4.35070036703567
1.97508436806763
1.29773684769343
5.74705733619413
2.68255489976003
0.158665801339207
5.06106964243209
3.08184473266346
4.89775403342646
4.14933575496876
1.67915838366338
4.19253292103118
4.84381168042421
2.45861900272791
0.778725997749618
0.226218642683845
1.53860030566140
1.47658902694376
5.89861737836000
5.04124723158440
4.28472167885568
5.62990751750765
1.49003956867596
1.20583231378779
4.92610448788293
1.68023329892546
5.61440342942600
1.49998795129605
0.230362645178437
4.60737827667293
-0.366855346850431
1.45851427634452
1.17235168568064
5.13398454316043
4.00574490982937
1.49553145325793
-0.483870628701806
4.41513593550262
5.49258740400855
5.37692925440684
0.353319649529090
5.84677881644537
1.19986432309520
5.35790493463215
5.12706115925708
5.51589570164138
5.56462757596611
2.34486308783488
5.79885172364920
-0.197793425316066
1.13108854529149
6.11888483730308
1.21933662434816
1.28563297044444
0.189384884683693
0.183262592152147
0.451523117956378
5.53481822532735
4.89096293814515
4.06133173925474
1.06870481179264
4.53154996369501
1.48662483751635
4.41955766020852
3.06824426508905
-0.598450161894608
4.60168461823564
1.99117854451274
2.04326905575017
6.03595568748004
0.899206136791465
0.0522495889352733
0.653389268079452
0.663736870943799
1.57817279077188
1.24411422506730
1.71628402385185
0.920024584259101
1.58579015312111
4.35060350588221
0.902442831513678
5.47272321501438
3.95042284425445
2.79253527275377
4.78672321635828
0.295135255758187
4.94110026869334
4.60223941492972
5.71659459816170
1.73295760862866
3.25550185397906
4.76454111520772
5.87580441231262
0.418705301229456
4.52882790312904
1.07061065267261
4.16029456986741
5.42923187022341
1.76920403826598
1.09037378608265
6.33955739058842
5.94635975590854
1.95401663864385
5.76037955334648
1.29615247459744
2.36704718836051
0.783748094346971
